Err_6 =	-0.1134612734
err_5 = 	-0.0011326459
err_4 =	-0.000013938
err_3 =	-0.000000548
	
W_56 =	0.3729891713
w_46 =	0.6796904321
w_36 =	-0.6295153698
	
err_2 =	N/A
err_1 =	N/A
w_25 =	0.4773470823
w_24 =	-3.0002787603
w_23 =	1.9999890395
w_15 =	3.9886735412
w_14 =	1.9998606198
w_13 =	-3.0000054802
